%%%%%%%%%%%%%%%%%%%%%%%%%%%%%%%%%%%%%%%%%%%%%%%%%%%%%%%%%%%%%%%%%%%%%%%%%%%
% @file name    KH_ColorCode.m
% @brief         
% @date         2014-08
% @author       Kyunghan Min (sturm@hanyang.ac.kr)
%%%%%%%%%%%%%%%%%%%%%%%%%%%%%%%%%%%%%%%%%%%%%%%%%%%%%%%%%%%%%%%%%%%%%%%%%%%
CP = [61 5 37;  116 23 72;  132 60 12;  192 0 0;  255 5 5;  239 123 27;  255 192 0;  255 215 0;  255 255 0;  239 239 149;  132 130 0;  146 208 80;  0 255 0;  0 176 80;  0 101 0;  123 255 214;  33 178 173;  98 157 209;  0 176 240;  0 0 255;  0 112 192;  0 81 149;  0 32 96;  74 0 132;  200 48 204;  255 0 255;  241 211 214;  137 113 225;  155 87 211]/255;
RP = [61 5 37; 146 20 44; 116 23 72; 196 14 5; 255 5 5; 239 123 27; 172 109 130; 255 140 166; 232 5 75; 255 20 148]/255;
YP = [132 60 12; 204 102 0; 255 152 37; 255 202 8; 255 215 0; 255 255 0; 239 239 149; 189 182 107; 177 156 125; 178 125 73]/255;
BP = [26 50 96;0 81 149;15 111 198;0 0 255;0 157 217;1 160 233;69 203 232;11 208 217;98 157 209;127 143 169]/255;
GP = [0 101 0;82 105 41;132 130 0;0 176 80;49 207 49;0 255 0;173 255 41;192 207 58;123 255 214;33 178 173]/255;
PP = [102 0 102;146 39 143;200 48 204;255 0 255;239 130 239;156 133 192;137 113 225;155 87 211;112 48 160;74 0 132]/255;
WP = [0 0 0;41 77 74;115 130 140;115 134 156;132 130 132;173 170 173;189 190 189;241 211 214;217 217 217;242 242 242]/255;
SP = [CP(2,:);RP(9,:);CP(6,:);CP(8,:);GP(4,:);CP(15,:);CP(19,:);CP(22,:);CP(25,:);PP(10,:)];

CCP = [   255     0       0       ;   % Code 1
                    192     0       0       ;   % Code 2
                    255     192     0       ;   % Code 3
                    146     208     80      ;   % Code 4
                    0       176     80      ;   % Code 5
                    0       176     240     ;   % Code 6
                    0       112     192     ;   % Code 7
                    0       32      96      ;   % Code 8
                    112     48      160     ;   % Code 9
                    255     0       255     ;   % Code 10
                    204     51      0       ;   % Code 11
                    250     192     144     ;   % Code 12
                    174     205     221     ;   % Code 13
                    179     162     199     ;   % Code 14
                    195     214     155     ]/255;   % Code 15